model_old: [[0., 1.], [0., 1.]]
model_neg: [[0., 1.], [0., 1.]]
model_2_20: [[0., 1.], [0., 1.]]
model_2_56: [[0., 1.], [0., 1.]]
model_2_68: [[0., 1.], [0., 1.]]
model_2_84: [[0.3, 0.4], [0.5, 0.6]]
model_3_89: [[0., 1.], [0., 1.], [0., 1.]]
model_3_45: [[0., 1.], [0., 1.], [0., 1.]]
model_3_13: [[0., 1.], [0., 1.], [0., 1.]]
model_3_29: [[0.1, 0.3], [0.1, 0.2], [0.5, 0.8]]
model_4_34: [[0.9, 0.92], [0.3, 0.7], [0., 0.1], [0.33, 0.4]]
model_4_58: [[0., 0.1], [0.5, 1.], [0., 0.5], [0., 0.1]]
model_4_63: [[0.2, 0.4], [0.1, 0.2], [0.7, 0.8], [0.9, 1.]]
model_4_84: [[0.2, 0.4], [0.1, 0.2], [0.7, 0.8], [0.9, 1.]]
model_4_86: [[0.1, 0.2], [0.4, 0.5], [0.42, 0.54], [0.33, 0.4]]
model_5_85: [[0.1, 0.2], [0.2, 0.25], [0.6, 0.7], [0.9, 1.], [0.33, 0.4]]
model_5_31: [[0.2, 0.3], [0.1, 0.2], [0.34, 0.45], [0.9, 1.], [0.55, 0.6]]
model_5_82: [[0.3, 0.4], [0.4, 0.6], [0.9, 1.], [0.9, 1.], [0.55, 0.6]]
model_5_89: [[0.1, 0.15], [0.2, 0.3], [0.7, 0.8], [0.9, 0.95], [0.9, 1.]]